,Player,Profile,Time,Event
0,lwdwh,Profile-Visual+Weste+Thermal+Sound,2022-11-30 21:26:12.914947,stance_crouched 0
1,lwdwh,Profile-Visual+Weste+Thermal+Sound,2022-11-30 21:26:13.135772,activate_objective Bags_Remaining
2,lwdwh,Profile-Visual+Weste+Thermal+Sound,2022-11-30 21:26:15.998569,stance_crouched 0
3,lwdwh,Profile-Visual+Weste+Thermal+Sound,2022-11-30 21:26:17.831986,stance_crouched 0
4,lwdwh,Profile-Visual+Weste+Thermal+Sound,2022-11-30 21:26:18.858219,stance_crouched 0
5,lwdwh,Profile-Visual+Weste+Thermal+Sound,2022-11-30 21:26:19.157286,weapon_fired 0
6,lwdwh,Profile-Visual+Weste+Thermal+Sound,2022-11-30 21:26:19.321324,stance_crouched 0
7,lwdwh,Profile-Visual+Weste+Thermal+Sound,2022-11-30 21:26:20.429577,stance_crouched 0
8,lwdwh,Profile-Visual+Weste+Thermal+Sound,2022-11-30 21:26:20.742645,weapon_fired 0
9,lwdwh,Profile-Visual+Weste+Thermal+Sound,2022-11-30 21:26:20.867674,hp 460
10,lwdwh,Profile-Visual+Weste+Thermal+Sound,2022-11-30 21:26:20.869675,armor 117
11,lwdwh,Profile-Visual+Weste+Thermal+Sound,2022-11-30 21:26:20.878678,hp 460
12,lwdwh,Profile-Visual+Weste+Thermal+Sound,2022-11-30 21:26:20.880677,armor 117
13,lwdwh,Profile-Visual+Weste+Thermal+Sound,2022-11-30 21:26:20.885679,health_subtracted 0
14,lwdwh,Profile-Visual+Weste+Thermal+Sound,2022-11-30 21:26:21.163742,stance_crouched 0
15,lwdwh,Profile-Visual+Weste+Thermal+Sound,2022-11-30 21:26:21.847898,hp 460
16,lwdwh,Profile-Visual+Weste+Thermal+Sound,2022-11-30 21:26:21.849898,armor 113
17,lwdwh,Profile-Visual+Weste+Thermal+Sound,2022-11-30 21:26:21.853897,shielded hit
18,lwdwh,Profile-Visual+Weste+Thermal+Sound,2022-11-30 21:26:21.864901,hp 460
19,lwdwh,Profile-Visual+Weste+Thermal+Sound,2022-11-30 21:26:21.866902,armor 113
20,lwdwh,Profile-Visual+Weste+Thermal+Sound,2022-11-30 21:26:21.871901,hp 460
21,lwdwh,Profile-Visual+Weste+Thermal+Sound,2022-11-30 21:26:21.874902,armor 113
22,lwdwh,Profile-Visual+Weste+Thermal+Sound,2022-11-30 21:26:21.878904,health_subtracted 0
23,lwdwh,Profile-Visual+Weste+Thermal+Sound,2022-11-30 21:26:22.346009,hp 460
24,lwdwh,Profile-Visual+Weste+Thermal+Sound,2022-11-30 21:26:22.350011,armor 98
25,lwdwh,Profile-Visual+Weste+Thermal+Sound,2022-11-30 21:26:22.354011,shielded hit
26,lwdwh,Profile-Visual+Weste+Thermal+Sound,2022-11-30 21:26:22.367014,hp 460
27,lwdwh,Profile-Visual+Weste+Thermal+Sound,2022-11-30 21:26:22.370015,armor 98
28,lwdwh,Profile-Visual+Weste+Thermal+Sound,2022-11-30 21:26:22.373015,hp 460
29,lwdwh,Profile-Visual+Weste+Thermal+Sound,2022-11-30 21:26:22.376016,armor 98
30,lwdwh,Profile-Visual+Weste+Thermal+Sound,2022-11-30 21:26:22.379016,health_subtracted 0
31,lwdwh,Profile-Visual+Weste+Thermal+Sound,2022-11-30 21:26:22.384019,hp 460
32,lwdwh,Profile-Visual+Weste+Thermal+Sound,2022-11-30 21:26:22.387019,armor 98
33,lwdwh,Profile-Visual+Weste+Thermal+Sound,2022-11-30 21:26:22.391020,shielded hit
34,lwdwh,Profile-Visual+Weste+Thermal+Sound,2022-11-30 21:26:22.397021,hp 460
35,lwdwh,Profile-Visual+Weste+Thermal+Sound,2022-11-30 21:26:22.400022,armor 98
36,lwdwh,Profile-Visual+Weste+Thermal+Sound,2022-11-30 21:26:22.407863,hp 460
37,lwdwh,Profile-Visual+Weste+Thermal+Sound,2022-11-30 21:26:22.410854,armor 98
38,lwdwh,Profile-Visual+Weste+Thermal+Sound,2022-11-30 21:26:22.413854,health_subtracted 0
39,lwdwh,Profile-Visual+Weste+Thermal+Sound,2022-11-30 21:26:23.112012,hp 460
40,lwdwh,Profile-Visual+Weste+Thermal+Sound,2022-11-30 21:26:23.115013,armor 70
41,lwdwh,Profile-Visual+Weste+Thermal+Sound,2022-11-30 21:26:23.119013,shielded hit
42,lwdwh,Profile-Visual+Weste+Thermal+Sound,2022-11-30 21:26:23.130017,hp 460
43,lwdwh,Profile-Visual+Weste+Thermal+Sound,2022-11-30 21:26:23.134017,armor 70
44,lwdwh,Profile-Visual+Weste+Thermal+Sound,2022-11-30 21:26:23.141019,hp 460
45,lwdwh,Profile-Visual+Weste+Thermal+Sound,2022-11-30 21:26:23.144020,armor 70
46,lwdwh,Profile-Visual+Weste+Thermal+Sound,2022-11-30 21:26:23.148021,health_subtracted 0
47,lwdwh,Profile-Visual+Weste+Thermal+Sound,2022-11-30 21:26:23.517061,stance_crouched 0
48,lwdwh,Profile-Visual+Weste+Thermal+Sound,2022-11-30 21:26:23.580075,hp 460
49,lwdwh,Profile-Visual+Weste+Thermal+Sound,2022-11-30 21:26:23.582077,armor 50
50,lwdwh,Profile-Visual+Weste+Thermal+Sound,2022-11-30 21:26:23.586076,shielded hit
51,lwdwh,Profile-Visual+Weste+Thermal+Sound,2022-11-30 21:26:23.595079,hp 460
52,lwdwh,Profile-Visual+Weste+Thermal+Sound,2022-11-30 21:26:23.597079,armor 50
53,lwdwh,Profile-Visual+Weste+Thermal+Sound,2022-11-30 21:26:23.603081,hp 460
54,lwdwh,Profile-Visual+Weste+Thermal+Sound,2022-11-30 21:26:23.605082,armor 50
55,lwdwh,Profile-Visual+Weste+Thermal+Sound,2022-11-30 21:26:23.610082,health_subtracted 0
56,lwdwh,Profile-Visual+Weste+Thermal+Sound,2022-11-30 21:26:23.994351,hp 460
57,lwdwh,Profile-Visual+Weste+Thermal+Sound,2022-11-30 21:26:23.997352,armor 38
58,lwdwh,Profile-Visual+Weste+Thermal+Sound,2022-11-30 21:26:24.001352,shielded hit
59,lwdwh,Profile-Visual+Weste+Thermal+Sound,2022-11-30 21:26:24.009354,hp 460
60,lwdwh,Profile-Visual+Weste+Thermal+Sound,2022-11-30 21:26:24.012356,armor 38
61,lwdwh,Profile-Visual+Weste+Thermal+Sound,2022-11-30 21:26:24.017356,hp 460
62,lwdwh,Profile-Visual+Weste+Thermal+Sound,2022-11-30 21:26:24.021357,armor 38
63,lwdwh,Profile-Visual+Weste+Thermal+Sound,2022-11-30 21:26:24.027359,health_subtracted 0
64,lwdwh,Profile-Visual+Weste+Thermal+Sound,2022-11-30 21:26:24.435450,stance_crouched 0
65,lwdwh,Profile-Visual+Weste+Thermal+Sound,2022-11-30 21:26:25.107483,stance_crouched 0
66,lwdwh,Profile-Visual+Weste+Thermal+Sound,2022-11-30 21:26:25.239514,weapon_fired 0
67,lwdwh,Profile-Visual+Weste+Thermal+Sound,2022-11-30 21:26:25.302527,hp 460
68,lwdwh,Profile-Visual+Weste+Thermal+Sound,2022-11-30 21:26:25.306529,armor 18
69,lwdwh,Profile-Visual+Weste+Thermal+Sound,2022-11-30 21:26:25.309528,hp 434
70,lwdwh,Profile-Visual+Weste+Thermal+Sound,2022-11-30 21:26:25.312530,armor 18
71,lwdwh,Profile-Visual+Weste+Thermal+Sound,2022-11-30 21:26:25.327533,health_subtracted 2.6245
72,lwdwh,Profile-Visual+Weste+Thermal+Sound,2022-11-30 21:26:25.332534,hp 448
73,lwdwh,Profile-Visual+Weste+Thermal+Sound,2022-11-30 21:26:25.335535,armor 16
74,lwdwh,Profile-Visual+Weste+Thermal+Sound,2022-11-30 21:26:25.340536,hp 448
75,lwdwh,Profile-Visual+Weste+Thermal+Sound,2022-11-30 21:26:25.343538,armor 16
76,lwdwh,Profile-Visual+Weste+Thermal+Sound,2022-11-30 21:26:25.347537,hp 448
77,lwdwh,Profile-Visual+Weste+Thermal+Sound,2022-11-30 21:26:25.349539,armor 16
78,lwdwh,Profile-Visual+Weste+Thermal+Sound,2022-11-30 21:26:25.354540,hp 448
79,lwdwh,Profile-Visual+Weste+Thermal+Sound,2022-11-30 21:26:25.358540,armor 16
80,lwdwh,Profile-Visual+Weste+Thermal+Sound,2022-11-30 21:26:25.600595,stance_crouched 0
